0.9374805555658394
21.90032056085628
35.285769840243056
48.61206120908683
58.31349738122502
59.43793200536511
11.142465318449856
75.27105763011515
42.75324895984751
36.55611707705899
60.6404538124495
73.65213175620167
26.72537024027717
64.91919889958272
3.5522022306917256
45.076201758128256
80.49623644560336
10.869209114766532
56.586072330155844
28.75689757584805
39.25963249581914
89.50802325418803
25.064543491433334
75.72019496638492
35.37297016081382
82.04637192281265
15.54033198507957
72.49289614990388
0.7552263469214449
4.181813607294449
17.73358788591527
56.35320200157543
81.45087236766898
39.26117123308527
70.47112021104269
83.99928245467676
60.462070627482134
31.00300968098464
60.26582432438289
59.55998000786572
16.16777361500198
33.176860464115606
61.75929914644283
93.24307366887832
37.200338427009996
54.14952886078178
91.01338743730119
4.716457545077413
6.773879658929783
45.993650429770625
32.79241890257828
53.7388154717205
30.641239505978703
53.07563374538139
59.36642627767862
54.193257715422774
15.98594372881662
22.156459971350095
73.35912627886994
86.48475906213086
36.69224159578006
70.84505574958423
91.53291867642119
19.2451734989306
63.91500963169585
60.73521062297732
47.33905970358404
87.76031194872131
10.55076268525601
52.86040391639997
41.76135659778829
36.27262499758365
97.23887985364816
26.653537947006058
9.675572743350337
34.343220648434524
11.47745208403419
18.977764235626193
14.473988559965466
34.5918904869343
40.999111891716645
29.757146010801872
42.86903152073791
30.740830635369342
25.21130542256692
84.20043480110819
27.664886803012443
87.3234742358672
91.70931267487403
45.64113557181163
9.238072537335828
42.06278820086514
59.12556091327962
83.3273257643362
97.76866562109672
77.17299920258256
61.75775599061496
13.595592473572326
74.93928460336537
57.862983064165995
4717.88451391289
9435.76902782578
